0
0
0
0
0
0
0
0
548
697
520
696
524
526
524
521
346
522
521
350
348
351
524
348
215
310
346
350
174
351
175
353
176
353
176
172
177
176
174
175
175
174
179
176
175
7
169
177
176
0
179
43
132
178
0
174
0
180
0
0
178
0
179
0
0
176
0
0
178
0
0
0
177
0
0
0
0
178
0
0
0
0
0
179
0
0
0
0
0
0
160
20
0
0
0
0
0
0
0
0
0
0
174
2
0
0
0
0
0
0
0
0
0
0
0
0
0
0
0
0
0
0
0
0
0
0
1
115
177
1
0
0
0
0
0
0
0
0
0
0
0
0
0
0
0
0
0
0
0
0
0
0
5
179
0
0
0
0
0
0
0
0
0
0
23
160
0
0
0
0
0
0
182
0
0
0
0
0
178
0
0
0
0
177
0
0
0
175
0
0
179
0
0
179
0
178
0
0
176
0
177
0
175
136
41
176
0
176
177
166
11
174
177
174
178
177
175
179
175
175
179
173
351
173
351
174
348
175
353
351
315
212
346
526
348
348
348
524
525
348
527
520
519
521
703
525
697
544
0
0
0
0
0
0
0
0
